0 0 0
0 2.5 0
0 5 0
0 10 0
0 15 0
0 20 0
0 30 0
0 40 0
0 50 0
0 60 0
0 70 0
0 80 0
0 90 0
30 5 0
30 10 0
30 15 0
30 20 0
30 30 0
30 40 0
30 50 0
30 60 0
30 70 0
30 80 0
30 90 0
60 2.5 0
60 5 0
60 10 0
60 15 0
60 20 0
60 30 0
60 40 0
60 50 0
60 60 0
60 70 0
60 80 0
60 90 0
90 5 0
90 10 0
90 15 0
90 20 0
90 30 0
90 40 0
90 50 0
90 60 0
90 70 0
90 80 0
90 90 0
120 2.5 0
120 5 0
120 10 0
120 15 0
120 20 0
120 30 0
120 40 0
120 50 0
120 60 0
120 70 0
120 80 0
120 90 0
150 5 0
150 10 0
150 15 0
150 20 0
150 30 0
150 40 0
150 50 0
150 60 0
150 70 0
150 80 0
150 90 0
180 2.5 0
180 5 0
180 10 0
180 15 0
180 20 0
180 30 0
180 40 0
180 50 0
180 60 0
180 70 0
180 80 0
180 90 0
210 5 0
210 10 0
210 15 0
210 20 0
210 30 0
210 40 0
210 50 0
210 60 0
210 70 0
210 80 0
210 90 0
240 2.5 0
240 5 0
240 10 0
240 15 0
240 20 0
240 30 0
240 40 0
240 50 0
240 60 0
240 70 0
240 80 0
240 90 0
270 5 0
270 10 0
270 15 0
270 20 0
270 30 0
270 40 0
270 50 0
270 60 0
270 70 0
270 80 0
270 90 0
300 2.5 0
300 5 0
300 10 0
300 15 0
300 20 0
300 30 0
300 40 0
300 50 0
300 60 0
300 70 0
300 80 0
300 90 0
330 5 0
330 10 0
330 15 0
330 20 0
330 30 0
330 40 0
330 50 0
330 60 0
330 70 0
330 80 0
330 90 0
