1	180 0 0
   2	360 3.3132 0
   3	72.003 3.3125 0
   4	360 6.8485 0
   5	35.992 5.5495 0
   6	71.996 6.8494 0
   7	360 10.598 0
   8	22.387 8.8525 0
   9	49.616 8.8525 0
  10	72.001 10.598 0
  11	360 14.545 0
  12	16.034 12.589 0
  13	35.995 11.855 0
  14	55.97 12.59 0
  15	71.999 14.547 0
  16	360 18.669 0
  17	12.447 16.605 0
  18	27.737 15.441 0
  19	44.268 15.441 0
  20	59.557 16.605 0
  21	71.998 18.671 0
  22	360 22.935 0
  23	10.158 20.825 0
  24	22.386 19.402 0
  25	36 18.897 0
  26	49.617 19.404 0
  27	61.846 20.825 0
  28	72.004 22.935 0
  29	360 27.299 0
  30	8.5743 25.196 0
  31	18.703 23.621 0
  32	30.074 22.773 0
  33	41.926 22.774 0
  34	53.295 23.622 0
  35	63.429 25.195 0
  36	72.002 27.301 0
  37	360 31.717 0
  38	7.4146 29.658 0
  39	16.036 28.011 0
  40	25.708 26.94 0
  41	36.001 26.567 0
  42	46.295 26.939 0
  43	55.963 28.013 0
  44	64.586 29.659 0
  45	72.001 31.719 0
  46	360 36.137 0
  47	6.5305 34.157 0
  48	14.02 32.5 0
  49	22.388 31.292 0
  50	31.386 30.654 0
  51	40.614 30.654 0
  52	49.615 31.29 0
  53	57.981 32.5 0
  54	65.471 34.158 0
  55	72 36.137 0
  56	360 40.503 0
  57	5.8349 38.633 0
  58	12.446 37.009 0
  59	19.796 35.74 0
  60	27.73 34.926 0
  61	36.002 34.644 0
  62	44.268 34.923 0
  63	52.202 35.738 0
  64	59.552 37.01 0
  65	66.165 38.634 0
  66	71.999 40.502 0
  67	360 44.769 0
  68	5.272 43.032 0
  69	11.185 41.48 0
  70	17.726 40.202 0
  71	24.793 39.288 0
  72	32.221 38.808 0
  73	39.779 38.808 0
  74	47.208 39.286 0
  75	54.277 40.202 0
  76	60.815 41.48 0
  77	66.727 43.031 0
  78	72.001 44.766 0
  79	360 48.892 0
  80	4.8076 47.302 0
  81	10.155 45.849 0
  82	16.035 44.605 0
  83	22.387 43.65 0
  84	29.095 43.042 0
  85	35.999 42.832 0
  86	42.906 43.041 0
  87	49.612 43.647 0
  88	55.964 44.606 0
  89	61.843 45.849 0
  90	67.194 47.303 0
  91	72.001 48.889 0
  92	360 52.838 0
  93	4.4174 51.407 0
  94	9.2992 50.07 0
  95	14.633 48.896 0
  96	20.388 47.939 0
  97	26.483 47.26 0
  98	32.801 46.909 0
  99	39.197 46.91 0
 100	45.518 47.264 0
 101	51.611 47.939 0
 102	57.367 48.896 0
 103	62.703 50.07 0
 104	67.583 51.407 0
 105	71.999 52.841 0
 106	360 56.59 0
 107	4.0875 55.312 0
 108	8.5715 54.103 0
 109	13.453 53.019 0
 110	18.707 52.097 0
 111	24.273 51.395 0
 112	30.074 50.956 0
 113	36 50.808 0
 114	41.926 50.955 0
 115	47.728 51.397 0
 116	53.294 52.098 0
 117	58.547 53.017 0
 118	63.426 54.105 0
 119	67.913 55.31 0
 120	72.002 56.589 0
 121	360 60.122 0
 122	3.8017 58.997 0
 123	7.952 57.922 0
 124	12.447 56.939 0
 125	17.272 56.081 0
 126	22.387 55.388 0
 127	27.732 54.905 0
 128	33.227 54.653 0
 129	38.773 54.653 0
 130	44.268 54.902 0
 131	49.612 55.388 0
 132	54.731 56.079 0
 133	59.555 56.939 0
 134	64.048 57.924 0
 135	68.196 58.997 0
 136	72 60.122 0
 137	360 63.441 0
 138	3.5534 62.455 0
 139	7.4145 61.512 0
 140	11.579 60.633 0
 141	16.036 59.848 0
 142	20.761 59.194 0
 143	25.706 58.699 0
 144	30.811 58.39 0
 145	36 58.287 0
 146	41.19 58.389 0
 147	46.294 58.7 0
 148	51.241 59.192 0
 149	55.963 59.85 0
 150	60.421 60.637 0
 151	64.585 61.517 0
 152	68.443 62.457 0
 153	72 63.439 0
 154	144.01 3.3141 0
 155	108 5.5487 0
 156	143.99 6.8498 0
 157	94.393 8.8535 0
 158	121.61 8.8509 0
 159	144.01 10.597 0
 160	88.039 12.59 0
 161	108 11.854 0
 162	127.96 12.589 0
 163	144 14.545 0
 164	84.444 16.606 0
 165	99.73 15.44 0
 166	116.27 15.443 0
 167	131.55 16.604 0
 168	144 18.67 0
 169	82.158 20.825 0
 170	94.387 19.402 0
 171	108 18.898 0
 172	121.62 19.403 0
 173	133.85 20.825 0
 174	144 22.934 0
 175	80.573 25.195 0
 176	90.702 23.621 0
 177	102.08 22.773 0
 178	113.92 22.773 0
 179	125.3 23.621 0
 180	135.43 25.196 0
 181	144 27.3 0
 182	79.415 29.658 0
 183	88.033 28.011 0
 184	97.703 26.94 0
 185	108 26.566 0
 186	118.3 26.94 0
 187	127.96 28.013 0
 188	136.59 29.659 0
 189	144 31.719 0
 190	78.531 34.158 0
 191	86.02 32.498 0
 192	94.384 31.292 0
 193	103.39 30.653 0
 194	112.61 30.652 0
 195	121.61 31.292 0
 196	129.98 32.498 0
 197	137.47 34.156 0
 198	144 36.135 0
 199	77.835 38.633 0
 200	84.444 37.008 0
 201	91.794 35.739 0
 202	99.732 34.925 0
 203	108 34.647 0
 204	116.27 34.926 0
 205	124.2 35.737 0
 206	131.56 37.011 0
 207	138.17 38.632 0
 208	144 40.501 0
 209	77.269 43.03 0
 210	83.186 41.479 0
 211	89.722 40.2 0
 212	96.791 39.286 0
 213	104.22 38.806 0
 214	111.78 38.807 0
 215	119.21 39.285 0
 216	126.27 40.201 0
 217	132.81 41.478 0
 218	138.73 43.03 0
 219	144 44.768 0
 220	76.806 47.304 0
 221	82.156 45.849 0
 222	88.037 44.608 0
 223	94.386 43.65 0
 224	101.1 43.04 0
 225	108 42.834 0
 226	114.9 43.043 0
 227	121.61 43.648 0
 228	127.96 44.605 0
 229	133.85 45.851 0
 230	139.19 47.302 0
 231	144 48.889 0
 232	76.419 51.406 0
 233	81.298 50.07 0
 234	86.635 48.897 0
 235	92.389 47.939 0
 236	98.481 47.262 0
 237	104.8 46.912 0
 238	111.2 46.91 0
 239	117.52 47.262 0
 240	123.61 47.94 0
 241	129.37 48.896 0
 242	134.7 50.073 0
 243	139.58 51.408 0
 244	144 52.839 0
 245	76.089 55.311 0
 246	80.574 54.104 0
 247	85.453 53.017 0
 248	90.706 52.097 0
 249	96.271 51.397 0
 250	102.07 50.957 0
 251	108 50.805 0
 252	113.93 50.957 0
 253	119.73 51.398 0
 254	125.3 52.096 0
 255	130.55 53.016 0
 256	135.43 54.105 0
 257	139.91 55.31 0
 258	144 56.589 0
 259	75.801 58.996 0
 260	79.953 57.926 0
 261	84.448 56.936 0
 262	89.269 56.08 0
 263	94.386 55.388 0
 264	99.732 54.903 0
 265	105.23 54.652 0
 266	110.77 54.652 0
 267	116.27 54.904 0
 268	121.61 55.387 0
 269	126.73 56.081 0
 270	131.55 56.936 0
 271	136.05 57.923 0
 272	140.2 59.002 0
 273	144 60.123 0
 274	75.556 62.455 0
 275	79.412 61.513 0
 276	83.577 60.634 0
 277	88.036 59.85 0
 278	92.759 59.193 0
 279	97.706 58.699 0
 280	102.81 58.388 0
 281	108 58.287 0
 282	113.19 58.39 0
 283	118.3 58.701 0
 284	123.24 59.197 0
 285	127.96 59.848 0
 286	132.42 60.632 0
 287	136.59 61.514 0
 288	140.45 62.46 0
 289	144 63.438 0
 290	215.99 3.3141 0
 291	180 5.5505 0
 292	216.01 6.8498 0
 293	166.38 8.8522 0
 294	193.62 8.8522 0
 295	215.99 10.597 0
 296	160.03 12.589 0
 297	180 11.855 0
 298	199.97 12.589 0
 299	216 14.545 0
 300	156.45 16.605 0
 301	171.73 15.443 0
 302	188.27 15.443 0
 303	203.55 16.605 0
 304	216 18.67 0
 305	154.15 20.825 0
 306	166.39 19.404 0
 307	180 18.896 0
 308	193.61 19.404 0
 309	205.85 20.825 0
 310	216 22.934 0
 311	152.57 25.195 0
 312	162.7 23.621 0
 313	174.08 22.773 0
 314	185.92 22.773 0
 315	197.3 23.621 0
 316	207.43 25.195 0
 317	216 27.3 0
 318	151.42 29.659 0
 319	160.04 28.01 0
 320	169.7 26.939 0
 321	180 26.566 0
 322	190.3 26.939 0
 323	199.96 28.01 0
 324	208.58 29.659 0
 325	216 31.719 0
 326	150.53 34.156 0
 327	158.02 32.5 0
 328	166.38 31.291 0
 329	175.38 30.655 0
 330	184.62 30.655 0
 331	193.62 31.291 0
 332	201.98 32.5 0
 333	209.47 34.156 0
 334	216 36.135 0
 335	149.83 38.633 0
 336	156.45 37.01 0
 337	163.8 35.739 0
 338	171.73 34.927 0
 339	180 34.646 0
 340	188.27 34.927 0
 341	196.2 35.739 0
 342	203.55 37.01 0
 343	210.17 38.633 0
 344	216 40.501 0
 345	149.27 43.032 0
 346	155.19 41.48 0
 347	161.73 40.201 0
 348	168.79 39.285 0
 349	176.22 38.807 0
 350	183.78 38.807 0
 351	191.21 39.285 0
 352	198.27 40.201 0
 353	204.81 41.48 0
 354	210.73 43.032 0
 355	216 44.768 0
 356	148.81 47.303 0
 357	154.16 45.852 0
 358	160.03 44.606 0
 359	166.39 43.649 0
 360	173.1 43.042 0
 361	180 42.832 0
 362	186.9 43.042 0
 363	193.61 43.649 0
 364	199.97 44.606 0
 365	205.84 45.852 0
 366	211.19 47.303 0
 367	216 48.889 0
 368	148.42 51.403 0
 369	153.3 50.071 0
 370	158.63 48.894 0
 371	164.39 47.938 0
 372	170.48 47.263 0
 373	176.8 46.909 0
 374	183.2 46.909 0
 375	189.52 47.263 0
 376	195.61 47.938 0
 377	201.37 48.894 0
 378	206.7 50.071 0
 379	211.58 51.403 0
 380	216 52.839 0
 381	148.09 55.313 0
 382	152.57 54.103 0
 383	157.45 53.015 0
 384	162.7 52.098 0
 385	168.27 51.397 0
 386	174.08 50.958 0
 387	180 50.804 0
 388	185.92 50.958 0
 389	191.73 51.397 0
 390	197.3 52.098 0
 391	202.55 53.015 0
 392	207.43 54.103 0
 393	211.91 55.313 0
 394	216 56.589 0
 395	147.8 58.997 0
 396	151.95 57.926 0
 397	156.45 56.938 0
 398	161.27 56.078 0
 399	166.39 55.39 0
 400	171.73 54.904 0
 401	177.23 54.651 0
 402	182.77 54.651 0
 403	188.27 54.904 0
 404	193.61 55.39 0
 405	198.73 56.078 0
 406	203.55 56.938 0
 407	208.05 57.926 0
 408	212.2 58.997 0
 409	216 60.123 0
 410	147.56 62.458 0
 411	151.41 61.518 0
 412	155.58 60.633 0
 413	160.03 59.852 0
 414	164.76 59.193 0
 415	169.71 58.696 0
 416	174.81 58.389 0
 417	180 58.286 0
 418	185.19 58.389 0
 419	190.29 58.696 0
 420	195.24 59.193 0
 421	199.97 59.852 0
 422	204.42 60.633 0
 423	208.59 61.518 0
 424	212.44 62.458 0
 425	216 63.438 0
 426	288 3.3125 0
 427	252 5.5487 0
 428	288 6.8494 0
 429	238.39 8.8509 0
 430	265.61 8.8535 0
 431	288 10.598 0
 432	232.04 12.589 0
 433	252 11.854 0
 434	271.96 12.59 0
 435	288 14.547 0
 436	228.45 16.604 0
 437	243.73 15.443 0
 438	260.27 15.44 0
 439	275.56 16.606 0
 440	288 18.671 0
 441	226.15 20.825 0
 442	238.38 19.403 0
 443	252 18.898 0
 444	265.61 19.402 0
 445	277.84 20.825 0
 446	288 22.935 0
 447	224.57 25.196 0
 448	234.7 23.621 0
 449	246.08 22.773 0
 450	257.92 22.773 0
 451	269.3 23.621 0
 452	279.43 25.195 0
 453	288 27.301 0
 454	223.41 29.659 0
 455	232.04 28.013 0
 456	241.7 26.94 0
 457	252 26.566 0
 458	262.3 26.94 0
 459	271.97 28.011 0
 460	280.59 29.658 0
 461	288 31.719 0
 462	222.53 34.156 0
 463	230.02 32.498 0
 464	238.39 31.292 0
 465	247.39 30.652 0
 466	256.61 30.653 0
 467	265.62 31.292 0
 468	273.98 32.498 0
 469	281.47 34.158 0
 470	288 36.137 0
 471	221.83 38.632 0
 472	228.44 37.011 0
 473	235.8 35.737 0
 474	243.73 34.926 0
 475	252 34.647 0
 476	260.27 34.925 0
 477	268.21 35.739 0
 478	275.56 37.008 0
 479	282.16 38.633 0
 480	288 40.502 0
 481	221.27 43.03 0
 482	227.19 41.478 0
 483	233.73 40.201 0
 484	240.79 39.285 0
 485	248.22 38.807 0
 486	255.78 38.806 0
 487	263.21 39.286 0
 488	270.28 40.2 0
 489	276.81 41.479 0
 490	282.73 43.03 0
 491	288 44.766 0
 492	220.81 47.302 0
 493	226.15 45.851 0
 494	232.04 44.605 0
 495	238.39 43.648 0
 496	245.1 43.043 0
 497	252 42.834 0
 498	258.9 43.04 0
 499	265.61 43.65 0
 500	271.96 44.608 0
 501	277.84 45.849 0
 502	283.19 47.304 0
 503	288 48.889 0
 504	220.42 51.408 0
 505	225.3 50.073 0
 506	230.63 48.896 0
 507	236.39 47.94 0
 508	242.48 47.262 0
 509	248.8 46.91 0
 510	255.2 46.912 0
 511	261.52 47.262 0
 512	267.61 47.939 0
 513	273.36 48.897 0
 514	278.7 50.07 0
 515	283.58 51.406 0
 516	288 52.841 0
 517	220.09 55.31 0
 518	224.57 54.105 0
 519	229.45 53.016 0
 520	234.7 52.096 0
 521	240.27 51.398 0
 522	246.07 50.957 0
 523	252 50.805 0
 524	257.93 50.957 0
 525	263.73 51.397 0
 526	269.29 52.097 0
 527	274.55 53.017 0
 528	279.43 54.104 0
 529	283.91 55.311 0
 530	288 56.589 0
 531	219.8 59.002 0
 532	223.95 57.923 0
 533	228.45 56.936 0
 534	233.27 56.081 0
 535	238.39 55.387 0
 536	243.73 54.904 0
 537	249.23 54.652 0
 538	254.77 54.652 0
 539	260.27 54.903 0
 540	265.61 55.388 0
 541	270.73 56.08 0
 542	275.55 56.936 0
 543	280.05 57.926 0
 544	284.2 58.996 0
 545	288 60.122 0
 546	219.55 62.46 0
 547	223.41 61.514 0
 548	227.58 60.632 0
 549	232.04 59.848 0
 550	236.76 59.197 0
 551	241.7 58.701 0
 552	246.81 58.39 0
 553	252 58.287 0
 554	257.19 58.388 0
 555	262.29 58.699 0
 556	267.24 59.193 0
 557	271.96 59.85 0
 558	276.42 60.634 0
 559	280.59 61.513 0
 560	284.44 62.455 0
 561	288 63.439 0
 562	324.01 5.5495 0
 563	310.38 8.8525 0
 564	337.61 8.8525 0
 565	304.03 12.59 0
 566	324.01 11.855 0
 567	343.97 12.589 0
 568	300.44 16.605 0
 569	315.73 15.441 0
 570	332.26 15.441 0
 571	347.55 16.605 0
 572	298.15 20.825 0
 573	310.38 19.404 0
 574	324 18.897 0
 575	337.61 19.402 0
 576	349.84 20.825 0
 577	296.57 25.195 0
 578	306.7 23.622 0
 579	318.07 22.774 0
 580	329.93 22.773 0
 581	341.3 23.621 0
 582	351.43 25.196 0
 583	295.41 29.659 0
 584	304.04 28.013 0
 585	313.7 26.939 0
 586	324 26.567 0
 587	334.29 26.94 0
 588	343.96 28.011 0
 589	352.59 29.658 0
 590	294.53 34.158 0
 591	302.02 32.5 0
 592	310.39 31.29 0
 593	319.39 30.654 0
 594	328.61 30.654 0
 595	337.61 31.292 0
 596	345.98 32.5 0
 597	353.47 34.157 0
 598	293.83 38.634 0
 599	300.45 37.01 0
 600	307.8 35.738 0
 601	315.73 34.923 0
 602	324 34.644 0
 603	332.27 34.926 0
 604	340.2 35.74 0
 605	347.55 37.009 0
 606	354.17 38.633 0
 607	293.27 43.031 0
 608	299.19 41.48 0
 609	305.72 40.202 0
 610	312.79 39.286 0
 611	320.22 38.808 0
 612	327.78 38.808 0
 613	335.21 39.288 0
 614	342.27 40.202 0
 615	348.81 41.48 0
 616	354.73 43.032 0
 617	292.81 47.303 0
 618	298.16 45.849 0
 619	304.04 44.606 0
 620	310.39 43.647 0
 621	317.09 43.041 0
 622	324 42.832 0
 623	330.9 43.042 0
 624	337.61 43.65 0
 625	343.96 44.605 0
 626	349.84 45.849 0
 627	355.19 47.302 0
 628	292.42 51.407 0
 629	297.3 50.07 0
 630	302.63 48.896 0
 631	308.39 47.939 0
 632	314.48 47.264 0
 633	320.8 46.91 0
 634	327.2 46.909 0
 635	333.52 47.26 0
 636	339.61 47.939 0
 637	345.37 48.896 0
 638	350.7 50.07 0
 639	355.58 51.407 0
 640	292.09 55.31 0
 641	296.57 54.105 0
 642	301.45 53.017 0
 643	306.71 52.098 0
 644	312.27 51.397 0
 645	318.07 50.955 0
 646	324 50.808 0
 647	329.93 50.956 0
 648	335.73 51.395 0
 649	341.29 52.097 0
 650	346.55 53.019 0
 651	351.43 54.103 0
 652	355.91 55.312 0
 653	291.8 58.997 0
 654	295.95 57.924 0
 655	300.44 56.939 0
 656	305.27 56.079 0
 657	310.39 55.388 0
 658	315.73 54.902 0
 659	321.23 54.653 0
 660	326.77 54.653 0
 661	332.27 54.905 0
 662	337.61 55.388 0
 663	342.73 56.081 0
 664	347.55 56.939 0
 665	352.05 57.922 0
 666	356.2 58.997 0
 667	291.56 62.457 0
 668	295.41 61.517 0
 669	299.58 60.637 0
 670	304.04 59.85 0
 671	308.76 59.192 0
 672	313.71 58.7 0
 673	318.81 58.389 0
 674	324 58.287 0
 675	329.19 58.39 0
 676	334.29 58.699 0
 677	339.24 59.194 0
 678	343.96 59.848 0
 679	348.42 60.633 0
 680	352.59 61.512 0
 681	356.45 62.455 0
 682	35.998 63.438 0
 683	38.13 66.135 0
 684	33.87 66.132 0
 685	40.304 69.045 0
 686	36.002 68.988 0
 687	31.695 69.043 0
 688	42.521 72.151 0
 689	38.18 72.06 0
 690	33.818 72.053 0
 691	29.481 72.156 0
 692	44.772 75.458 0
 693	40.412 75.333 0
 694	36 75.301 0
 695	31.589 75.334 0
 696	27.226 75.462 0
 697	47.054 78.936 0
 698	42.686 78.804 0
 699	38.237 78.735 0
 700	33.763 78.745 0
 701	29.315 78.805 0
 702	24.947 78.937 0
 703	49.357 82.543 0
 704	44.994 82.435 0
 705	40.524 82.359 0
 706	36.001 82.34 0
 707	31.475 82.358 0
 708	27.005 82.436 0
 709	22.644 82.544 0
 710	51.673 86.275 0
 711	47.334 86.205 0
 712	42.858 86.151 0
 713	38.296 86.122 0
 714	33.705 86.106 0
 715	29.143 86.133 0
 716	24.665 86.18 0
 717	20.325 86.278 0
 718	54.001 90 0
 719	49.694 90 0
 720	45.228 90 0
 721	40.644 90 0
 722	35.999 90 0
 723	31.357 90 0
 724	26.772 90 0
 725	22.304 90 0
 726	18.001 90 0
 727	56.325 86.255 0
 728	52.072 86.168 0
 729	47.627 86.103 0
 730	43.039 86.028 0
 731	38.358 86.016 0
 732	33.643 85.995 0
 733	28.96 86.035 0
 734	24.371 86.08 0
 735	19.928 86.166 0
 736	15.673 86.271 0
 737	58.644 82.545 0
 738	54.456 82.343 0
 739	50.052 82.175 0
 740	45.474 82.046 0
 741	40.769 81.966 0
 742	36 81.937 0
 743	31.231 81.965 0
 744	26.528 82.04 0
 745	21.949 82.168 0
 746	17.546 82.353 0
 747	13.356 82.545 0
 748	60.946 78.929 0
 749	56.838 78.598 0
 750	52.491 78.314 0
 751	47.938 78.087 0
 752	43.229 77.917 0
 753	38.42 77.839 0
 754	33.579 77.845 0
 755	28.77 77.913 0
 756	24.061 78.078 0
 757	19.509 78.315 0
 758	15.162 78.601 0
 759	11.053 78.93 0
 760	63.227 75.459 0
 761	59.21 74.993 0
 762	54.933 74.572 0
 763	50.427 74.224 0
 764	45.732 73.965 0
 765	40.901 73.795 0
 766	35.999 73.741 0
 767	31.099 73.791 0
 768	26.267 73.964 0
 769	21.573 74.221 0
 770	17.066 74.571 0
 771	12.791 74.992 0
 772	8.773 75.459 0
 773	65.478 72.155 0
 774	61.563 71.547 0
 775	57.373 70.998 0
 776	52.931 70.517 0
 777	48.267 70.134 0
 778	43.432 69.858 0
 779	38.489 69.725 0
 780	33.511 69.722 0
 781	28.568 69.861 0
 782	23.733 70.13 0
 783	19.07 70.518 0
 784	14.628 71 0
 785	10.437 71.552 0
 786	6.5196 72.153 0
 787	67.696 69.04 0
 788	63.893 68.306 0
 789	59.801 67.612 0
 790	55.436 66.995 0
 791	50.823 66.479 0
 792	46.004 66.092 0
 793	41.04 65.847 0
 794	36 65.761 0
 795	30.959 65.844 0
 796	25.993 66.09 0
 797	21.175 66.48 0
 798	16.563 66.998 0
 799	12.198 67.613 0
 800	8.107 68.305 0
 801	4.3059 69.039 0
 802	69.871 66.132 0
 803	66.186 65.269 0
 804	62.208 64.45 0
 805	57.936 63.7 0
 806	53.394 63.047 0
 807	48.611 62.524 0
 808	43.646 62.16 0
 809	38.562 61.975 0
 810	33.437 61.974 0
 811	28.354 62.159 0
 812	23.389 62.524 0
 813	18.609 63.045 0
 814	14.064 63.697 0
 815	9.7929 64.452 0
 816	5.8109 65.269 0
 817	2.129 66.134 0
 818	108 63.439 0
 819	110.13 66.132 0
 820	105.87 66.136 0
 821	112.3 69.04 0
 822	108 68.991 0
 823	103.7 69.039 0
 824	114.52 72.155 0
 825	110.18 72.062 0
 826	105.82 72.06 0
 827	101.48 72.16 0
 828	116.77 75.459 0
 829	112.41 75.341 0
 830	108 75.299 0
 831	103.59 75.331 0
 832	99.229 75.459 0
 833	119.05 78.929 0
 834	114.69 78.811 0
 835	110.24 78.742 0
 836	105.76 78.734 0
 837	101.32 78.801 0
 838	96.948 78.936 0
 839	121.36 82.545 0
 840	116.99 82.435 0
 841	112.52 82.353 0
 842	108 82.347 0
 843	103.47 82.367 0
 844	99.007 82.432 0
 845	94.643 82.551 0
 846	123.67 86.255 0
 847	119.33 86.21 0
 848	114.86 86.145 0
 849	110.3 86.119 0
 850	105.7 86.104 0
 851	101.14 86.141 0
 852	96.666 86.195 0
 853	92.327 86.275 0
 854	126 90 0
 855	121.7 90 0
 856	117.23 90 0
 857	112.64 90 0
 858	108 90 0
 859	103.36 90 0
 860	98.772 90 0
 861	94.305 90 0
 862	270 90 0
 863	128.33 86.275 0
 864	124.07 86.159 0
 865	119.63 86.102 0
 866	115.04 86.034 0
 867	110.36 86.021 0
 868	105.64 86.02 0
 869	100.96 86.034 0
 870	96.372 86.108 0
 871	91.929 86.177 0
 872	87.673 86.275 0
 873	130.64 82.543 0
 874	126.45 82.352 0
 875	122.05 82.164 0
 876	117.47 82.047 0
 877	112.77 81.959 0
 878	108 81.926 0
 879	103.23 81.947 0
 880	98.528 82.036 0
 881	93.947 82.162 0
 882	89.544 82.342 0
 883	85.357 82.551 0
 884	132.95 78.936 0
 885	128.84 78.605 0
 886	124.49 78.315 0
 887	119.94 78.086 0
 888	115.23 77.917 0
 889	110.42 77.839 0
 890	105.58 77.835 0
 891	100.77 77.921 0
 892	96.061 78.077 0
 893	91.509 78.311 0
 894	87.164 78.599 0
 895	83.052 78.936 0
 896	135.23 75.458 0
 897	131.21 74.998 0
 898	126.93 74.577 0
 899	122.43 74.226 0
 900	117.73 73.963 0
 901	112.9 73.793 0
 902	108 73.737 0
 903	103.1 73.793 0
 904	98.268 73.956 0
 905	93.572 74.22 0
 906	89.068 74.577 0
 907	84.792 74.989 0
 908	80.771 75.459 0
 909	137.48 72.151 0
 910	133.56 71.547 0
 911	129.37 70.996 0
 912	124.93 70.517 0
 913	120.27 70.133 0
 914	115.43 69.864 0
 915	110.49 69.722 0
 916	105.51 69.722 0
 917	100.57 69.864 0
 918	95.735 70.13 0
 919	91.07 70.52 0
 920	86.627 70.993 0
 921	82.435 71.547 0
 922	78.52 72.16 0
 923	139.7 69.045 0
 924	135.89 68.301 0
 925	131.8 67.616 0
 926	127.44 66.999 0
 927	122.82 66.485 0
 928	118.01 66.091 0
 929	113.04 65.848 0
 930	108 65.765 0
 931	102.96 65.848 0
 932	97.994 66.09 0
 933	93.177 66.478 0
 934	88.565 67 0
 935	84.2 67.617 0
 936	80.108 68.305 0
 937	76.303 69.039 0
 938	141.87 66.135 0
 939	138.19 65.269 0
 940	134.21 64.449 0
 941	129.94 63.696 0
 942	125.39 63.051 0
 943	120.61 62.528 0
 944	115.64 62.162 0
 945	110.56 61.972 0
 946	105.44 61.972 0
 947	100.35 62.163 0
 948	95.387 62.527 0
 949	90.606 63.049 0
 950	86.063 63.7 0
 951	81.791 64.452 0
 952	77.812 65.272 0
 953	74.13 66.136 0
 954	180 63.441 0
 955	182.13 66.134 0
 956	177.87 66.134 0
 957	184.31 69.039 0
 958	180 68.987 0
 959	175.69 69.039 0
 960	186.52 72.153 0
 961	182.18 72.058 0
 962	177.82 72.058 0
 963	173.48 72.153 0
 964	188.77 75.459 0
 965	184.41 75.342 0
 966	180 75.291 0
 967	175.59 75.342 0
 968	171.23 75.459 0
 969	191.05 78.93 0
 970	186.68 78.805 0
 971	182.24 78.734 0
 972	177.76 78.734 0
 973	173.32 78.805 0
 974	168.95 78.93 0
 975	193.36 82.545 0
 976	189 82.44 0
 977	184.53 82.374 0
 978	180 82.349 0
 979	175.47 82.374 0
 980	171 82.44 0
 981	166.64 82.545 0
 982	195.67 86.271 0
 983	191.33 86.202 0
 984	186.86 86.16 0
 985	182.29 86.13 0
 986	177.71 86.13 0
 987	173.14 86.16 0
 988	168.67 86.202 0
 989	164.33 86.271 0
 990	198 90 0
 991	193.69 90 0
 992	189.23 90 0
 993	184.65 90 0
 994	180 90 0
 995	175.35 90 0
 996	170.77 90 0
 997	166.31 90 0
 998	162 90 0
 999	200.33 86.278 0
1000	196.07 86.16 0
1001	191.63 86.087 0
1002	187.04 86.037 0
1003	182.36 86.007 0
1004	177.64 86.007 0
1005	172.96 86.037 0
1006	168.37 86.087 0
1007	163.93 86.16 0
1008	159.67 86.278 0
1009	202.64 82.544 0
1010	198.46 82.334 0
1011	194.05 82.168 0
1012	189.47 82.037 0
1013	184.77 81.951 0
1014	180 81.926 0
1015	175.23 81.951 0
1016	170.53 82.037 0
1017	165.95 82.168 0
1018	161.54 82.334 0
1019	157.36 82.544 0
1020	204.95 78.937 0
1021	200.84 78.603 0
1022	196.49 78.309 0
1023	191.94 78.078 0
1024	187.23 77.918 0
1025	182.42 77.832 0
1026	177.58 77.832 0
1027	172.77 77.918 0
1028	168.06 78.078 0
1029	163.51 78.309 0
1030	159.16 78.603 0
1031	155.05 78.937 0
1032	207.23 75.462 0
1033	203.21 74.993 0
1034	198.93 74.579 0
1035	194.43 74.229 0
1036	189.73 73.964 0
1037	184.9 73.791 0
1038	180 73.742 0
1039	175.1 73.791 0
1040	170.27 73.964 0
1041	165.57 74.229 0
1042	161.07 74.579 0
1043	156.79 74.993 0
1044	152.77 75.462 0
1045	209.48 72.156 0
1046	205.56 71.548 0
1047	201.37 70.997 0
1048	196.93 70.517 0
1049	192.27 70.132 0
1050	187.43 69.865 0
1051	182.49 69.725 0
1052	177.51 69.725 0
1053	172.57 69.865 0
1054	167.73 70.132 0
1055	163.07 70.517 0
1056	158.63 70.997 0
1057	154.44 71.548 0
1058	150.52 72.156 0
1059	211.69 69.043 0
1060	207.89 68.306 0
1061	203.8 67.614 0
1062	199.44 67 0
1063	194.82 66.484 0
1064	190.01 66.092 0
1065	185.04 65.844 0
1066	180 65.761 0
1067	174.96 65.844 0
1068	169.99 66.092 0
1069	165.18 66.484 0
1070	160.56 67 0
1071	156.2 67.614 0
1072	152.11 68.306 0
1073	148.31 69.043 0
1074	213.87 66.132 0
1075	210.19 65.268 0
1076	206.21 64.448 0
1077	201.94 63.7 0
1078	197.39 63.048 0
1079	192.61 62.524 0
1080	187.65 62.158 0
1081	182.56 61.969 0
1082	177.44 61.969 0
1083	172.35 62.158 0
1084	167.39 62.524 0
1085	162.61 63.048 0
1086	158.06 63.7 0
1087	153.79 64.448 0
1088	149.81 65.268 0
1089	146.13 66.132 0
1090	252 63.439 0
1091	254.13 66.136 0
1092	249.87 66.132 0
1093	256.3 69.039 0
1094	252 68.991 0
1095	247.7 69.04 0
1096	258.52 72.16 0
1097	254.18 72.06 0
1098	249.82 72.062 0
1099	245.48 72.155 0
1100	260.77 75.459 0
1101	256.41 75.331 0
1102	252 75.299 0
1103	247.59 75.341 0
1104	243.23 75.459 0
1105	263.05 78.936 0
1106	258.68 78.801 0
1107	254.24 78.734 0
1108	249.76 78.742 0
1109	245.31 78.811 0
1110	240.95 78.929 0
1111	265.36 82.551 0
1112	260.99 82.432 0
1113	256.53 82.367 0
1114	252 82.347 0
1115	247.48 82.353 0
1116	243.01 82.435 0
1117	238.64 82.545 0
1118	267.67 86.275 0
1119	263.33 86.195 0
1120	258.86 86.141 0
1121	254.3 86.104 0
1122	249.7 86.119 0
1123	245.14 86.145 0
1124	240.67 86.21 0
1125	236.33 86.255 0
1126	90 90 0
1127	265.69 90 0
1128	261.23 90 0
1129	256.64 90 0
1130	252 90 0
1131	247.36 90 0
1132	242.77 90 0
1133	238.3 90 0
1134	234 90 0
1135	272.33 86.275 0
1136	268.07 86.177 0
1137	263.63 86.108 0
1138	259.04 86.034 0
1139	254.36 86.02 0
1140	249.64 86.021 0
1141	244.96 86.034 0
1142	240.37 86.102 0
1143	235.93 86.159 0
1144	231.67 86.275 0
1145	274.64 82.551 0
1146	270.46 82.342 0
1147	266.05 82.162 0
1148	261.47 82.036 0
1149	256.77 81.947 0
1150	252 81.926 0
1151	247.23 81.959 0
1152	242.53 82.047 0
1153	237.95 82.164 0
1154	233.55 82.352 0
1155	229.36 82.543 0
1156	276.95 78.936 0
1157	272.84 78.599 0
1158	268.49 78.311 0
1159	263.94 78.077 0
1160	259.23 77.921 0
1161	254.42 77.835 0
1162	249.58 77.839 0
1163	244.77 77.917 0
1164	240.06 78.086 0
1165	235.51 78.315 0
1166	231.16 78.605 0
1167	227.05 78.936 0
1168	279.23 75.459 0
1169	275.21 74.989 0
1170	270.93 74.577 0
1171	266.43 74.22 0
1172	261.73 73.956 0
1173	256.9 73.793 0
1174	252 73.737 0
1175	247.1 73.793 0
1176	242.27 73.963 0
1177	237.57 74.226 0
1178	233.07 74.577 0
1179	228.79 74.998 0
1180	224.77 75.458 0
1181	281.48 72.16 0
1182	277.56 71.547 0
1183	273.37 70.993 0
1184	268.93 70.52 0
1185	264.26 70.13 0
1186	259.43 69.864 0
1187	254.49 69.722 0
1188	249.51 69.722 0
1189	244.57 69.864 0
1190	239.73 70.133 0
1191	235.07 70.517 0
1192	230.63 70.996 0
1193	226.44 71.547 0
1194	222.52 72.151 0
1195	283.7 69.039 0
1196	279.89 68.305 0
1197	275.8 67.617 0
1198	271.43 67 0
1199	266.82 66.478 0
1200	262.01 66.09 0
1201	257.04 65.848 0
1202	252 65.765 0
1203	246.96 65.848 0
1204	241.99 66.091 0
1205	237.18 66.485 0
1206	232.56 66.999 0
1207	228.2 67.616 0
1208	224.11 68.301 0
1209	220.3 69.045 0
1210	285.87 66.136 0
1211	282.19 65.272 0
1212	278.21 64.452 0
1213	273.94 63.7 0
1214	269.39 63.049 0
1215	264.61 62.527 0
1216	259.65 62.163 0
1217	254.56 61.972 0
1218	249.44 61.972 0
1219	244.36 62.162 0
1220	239.39 62.528 0
1221	234.61 63.051 0
1222	230.06 63.696 0
1223	225.79 64.449 0
1224	221.81 65.269 0
1225	218.13 66.135 0
1226	324 63.438 0
1227	326.13 66.132 0
1228	321.87 66.135 0
1229	328.31 69.043 0
1230	324 68.988 0
1231	319.7 69.045 0
1232	330.52 72.156 0
1233	326.18 72.053 0
1234	321.82 72.06 0
1235	317.48 72.151 0
1236	332.77 75.462 0
1237	328.41 75.334 0
1238	324 75.301 0
1239	319.59 75.333 0
1240	315.23 75.458 0
1241	335.05 78.937 0
1242	330.68 78.805 0
1243	326.24 78.745 0
1244	321.76 78.735 0
1245	317.31 78.804 0
1246	312.95 78.936 0
1247	337.36 82.544 0
1248	332.99 82.436 0
1249	328.52 82.358 0
1250	324 82.34 0
1251	319.48 82.359 0
1252	315.01 82.435 0
1253	310.64 82.543 0
1254	339.67 86.278 0
1255	335.33 86.18 0
1256	330.86 86.133 0
1257	326.3 86.106 0
1258	321.7 86.122 0
1259	317.14 86.151 0
1260	312.67 86.205 0
1261	308.33 86.275 0
1262	342 90 0
1263	337.7 90 0
1264	333.23 90 0
1265	328.64 90 0
1266	324 90 0
1267	319.36 90 0
1268	314.77 90 0
1269	310.31 90 0
1270	306 90 0
1271	344.33 86.271 0
1272	340.07 86.166 0
1273	335.63 86.08 0
1274	331.04 86.035 0
1275	326.36 85.995 0
1276	321.64 86.016 0
1277	316.96 86.028 0
1278	312.37 86.103 0
1279	307.93 86.168 0
1280	303.67 86.255 0
1281	346.64 82.545 0
1282	342.45 82.353 0
1283	338.05 82.168 0
1284	333.47 82.04 0
1285	328.77 81.965 0
1286	324 81.937 0
1287	319.23 81.966 0
1288	314.53 82.046 0
1289	309.95 82.175 0
1290	305.54 82.343 0
1291	301.36 82.545 0
1292	348.95 78.93 0
1293	344.84 78.601 0
1294	340.49 78.315 0
1295	335.94 78.078 0
1296	331.23 77.913 0
1297	326.42 77.845 0
1298	321.58 77.839 0
1299	316.77 77.917 0
1300	312.06 78.087 0
1301	307.51 78.314 0
1302	303.16 78.598 0
1303	299.05 78.929 0
1304	351.23 75.459 0
1305	347.21 74.992 0
1306	342.93 74.571 0
1307	338.43 74.221 0
1308	333.73 73.964 0
1309	328.9 73.791 0
1310	324 73.741 0
1311	319.1 73.795 0
1312	314.27 73.965 0
1313	309.57 74.224 0
1314	305.07 74.572 0
1315	300.79 74.993 0
1316	296.77 75.459 0
1317	353.48 72.153 0
1318	349.56 71.552 0
1319	345.37 71 0
1320	340.93 70.518 0
1321	336.27 70.13 0
1322	331.43 69.861 0
1323	326.49 69.722 0
1324	321.51 69.725 0
1325	316.57 69.858 0
1326	311.73 70.134 0
1327	307.07 70.517 0
1328	302.63 70.998 0
1329	298.44 71.547 0
1330	294.52 72.155 0
1331	355.69 69.039 0
1332	351.89 68.305 0
1333	347.8 67.613 0
1334	343.44 66.998 0
1335	338.82 66.48 0
1336	334.01 66.09 0
1337	329.04 65.844 0
1338	324 65.761 0
1339	318.96 65.847 0
1340	314 66.092 0
1341	309.18 66.479 0
1342	304.56 66.995 0
1343	300.2 67.612 0
1344	296.11 68.306 0
1345	292.3 69.04 0
1346	357.87 66.134 0
1347	354.19 65.269 0
1348	350.21 64.452 0
1349	345.94 63.697 0
1350	341.39 63.045 0
1351	336.61 62.524 0
1352	331.65 62.159 0
1353	326.56 61.974 0
1354	321.44 61.975 0
1355	316.35 62.16 0
1356	311.39 62.524 0
1357	306.61 63.047 0
1358	302.06 63.7 0
1359	297.79 64.45 0
1360	293.81 65.269 0
1361	290.13 66.132 0
1362	71.999 68.991 0
1363	74.182 72.06 0
1364	69.818 72.062 0
1365	76.412 75.331 0
1366	72.001 75.299 0
1367	67.588 75.341 0
1368	78.684 78.801 0
1369	74.236 78.734 0
1370	69.763 78.742 0
1371	65.314 78.811 0
1372	80.993 82.432 0
1373	76.526 82.367 0
1374	72.001 82.347 0
1375	67.475 82.353 0
1376	63.007 82.435 0
1377	83.334 86.195 0
1378	78.857 86.141 0
1379	74.295 86.104 0
1380	69.703 86.119 0
1381	65.142 86.145 0
1382	60.667 86.21 0
1383	85.695 90 0
1384	81.228 90 0
1385	76.643 90 0
1386	71.999 90 0
1387	67.356 90 0
1388	62.773 90 0
1389	58.304 90 0
1390	88.071 86.177 0
1391	83.628 86.108 0
1392	79.039 86.034 0
1393	74.357 86.02 0
1394	69.642 86.021 0
1395	64.962 86.034 0
1396	60.371 86.102 0
1397	55.928 86.159 0
1398	90.456 82.342 0
1399	86.053 82.162 0
1400	81.472 82.036 0
1401	76.77 81.947 0
1402	72 81.926 0
1403	67.23 81.959 0
1404	62.526 82.047 0
1405	57.949 82.164 0
1406	53.545 82.352 0
1407	92.836 78.599 0
1408	88.491 78.311 0
1409	83.939 78.077 0
1410	79.231 77.921 0
1411	74.42 77.835 0
1412	69.579 77.839 0
1413	64.769 77.917 0
1414	60.061 78.086 0
1415	55.509 78.315 0
1416	51.163 78.605 0
1417	95.208 74.989 0
1418	90.932 74.577 0
1419	86.428 74.22 0
1420	81.732 73.956 0
1421	76.902 73.793 0
1422	71.999 73.737 0
1423	67.097 73.793 0
1424	62.267 73.963 0
1425	57.572 74.226 0
1426	53.068 74.577 0
1427	48.791 74.998 0
1428	97.565 71.547 0
1429	93.373 70.993 0
1430	88.93 70.52 0
1431	84.265 70.13 0
1432	79.433 69.864 0
1433	74.489 69.722 0
1434	69.511 69.722 0
1435	64.567 69.864 0
1436	59.733 70.133 0
1437	55.071 70.517 0
1438	50.628 70.996 0
1439	46.437 71.547 0
1440	99.892 68.305 0
1441	95.8 67.617 0
1442	91.435 67 0
1443	86.823 66.478 0
1444	82.006 66.09 0
1445	77.042 65.848 0
1446	71.999 65.765 0
1447	66.957 65.848 0
1448	61.993 66.091 0
1449	57.176 66.485 0
1450	52.564 66.999 0
1451	48.198 67.616 0
1452	44.108 68.301 0
1453	102.19 65.272 0
1454	98.209 64.452 0
1455	93.937 63.7 0
1456	89.394 63.049 0
1457	84.613 62.527 0
1458	79.645 62.163 0
1459	74.562 61.972 0
1460	69.437 61.972 0
1461	64.355 62.162 0
1462	59.387 62.528 0
1463	54.607 63.051 0
1464	50.063 63.696 0
1465	45.791 64.449 0
1466	41.813 65.269 0
1467	104.44 62.455 0
1468	100.59 61.513 0
1469	96.423 60.634 0
1470	91.964 59.85 0
1471	87.241 59.193 0
1472	82.294 58.699 0
1473	77.19 58.388 0
1474	72 58.287 0
1475	66.81 58.39 0
1476	61.705 58.701 0
1477	56.76 59.197 0
1478	52.036 59.848 0
1479	47.578 60.632 0
1480	43.414 61.514 0
1481	39.554 62.46 0
1482	144 68.988 0
1483	146.18 72.053 0
1484	141.82 72.06 0
1485	148.41 75.334 0
1486	144 75.301 0
1487	139.59 75.333 0
1488	150.68 78.805 0
1489	146.24 78.745 0
1490	141.76 78.735 0
1491	137.31 78.804 0
1492	152.99 82.436 0
1493	148.52 82.358 0
1494	144 82.34 0
1495	139.48 82.359 0
1496	135.01 82.435 0
1497	155.33 86.18 0
1498	150.86 86.133 0
1499	146.3 86.106 0
1500	141.7 86.122 0
1501	137.14 86.151 0
1502	132.67 86.205 0
1503	157.7 90 0
1504	153.23 90 0
1505	148.64 90 0
1506	144 90 0
1507	139.36 90 0
1508	134.77 90 0
1509	130.31 90 0
1510	160.07 86.166 0
1511	155.63 86.08 0
1512	151.04 86.035 0
1513	146.36 85.995 0
1514	141.64 86.016 0
1515	136.96 86.028 0
1516	132.37 86.103 0
1517	127.93 86.168 0
1518	162.45 82.353 0
1519	158.05 82.168 0
1520	153.47 82.04 0
1521	148.77 81.965 0
1522	144 81.937 0
1523	139.23 81.966 0
1524	134.53 82.046 0
1525	129.95 82.175 0
1526	125.54 82.343 0
1527	164.84 78.601 0
1528	160.49 78.315 0
1529	155.94 78.078 0
1530	151.23 77.913 0
1531	146.42 77.845 0
1532	141.58 77.839 0
1533	136.77 77.917 0
1534	132.06 78.087 0
1535	127.51 78.314 0
1536	123.16 78.598 0
1537	167.21 74.992 0
1538	162.93 74.571 0
1539	158.43 74.221 0
1540	153.73 73.964 0
1541	148.9 73.791 0
1542	144 73.741 0
1543	139.1 73.795 0
1544	134.27 73.965 0
1545	129.57 74.224 0
1546	125.07 74.572 0
1547	120.79 74.993 0
1548	169.56 71.552 0
1549	165.37 71 0
1550	160.93 70.518 0
1551	156.27 70.13 0
1552	151.43 69.861 0
1553	146.49 69.722 0
1554	141.51 69.725 0
1555	136.57 69.858 0
1556	131.73 70.134 0
1557	127.07 70.517 0
1558	122.63 70.998 0
1559	118.44 71.547 0
1560	171.89 68.305 0
1561	167.8 67.613 0
1562	163.44 66.998 0
1563	158.82 66.48 0
1564	154.01 66.09 0
1565	149.04 65.844 0
1566	144 65.761 0
1567	138.96 65.847 0
1568	134 66.092 0
1569	129.18 66.479 0
1570	124.56 66.995 0
1571	120.2 67.612 0
1572	116.11 68.306 0
1573	174.19 65.269 0
1574	170.21 64.452 0
1575	165.94 63.697 0
1576	161.39 63.045 0
1577	156.61 62.524 0
1578	151.65 62.159 0
1579	146.56 61.974 0
1580	141.44 61.975 0
1581	136.35 62.16 0
1582	131.39 62.524 0
1583	126.61 63.047 0
1584	122.06 63.7 0
1585	117.79 64.45 0
1586	113.81 65.269 0
1587	176.45 62.455 0
1588	172.59 61.512 0
1589	168.42 60.633 0
1590	163.96 59.848 0
1591	159.24 59.194 0
1592	154.29 58.699 0
1593	149.19 58.39 0
1594	144 58.287 0
1595	138.81 58.389 0
1596	133.71 58.7 0
1597	128.76 59.192 0
1598	124.04 59.85 0
1599	119.58 60.637 0
1600	115.41 61.517 0
1601	111.56 62.457 0
1602	216 68.988 0
1603	218.18 72.06 0
1604	213.82 72.053 0
1605	220.41 75.333 0
1606	216 75.301 0
1607	211.59 75.334 0
1608	222.69 78.804 0
1609	218.24 78.735 0
1610	213.76 78.745 0
1611	209.32 78.805 0
1612	224.99 82.435 0
1613	220.52 82.359 0
1614	216 82.34 0
1615	211.48 82.358 0
1616	207.01 82.436 0
1617	227.33 86.205 0
1618	222.86 86.151 0
1619	218.3 86.122 0
1620	213.7 86.106 0
1621	209.14 86.133 0
1622	204.67 86.18 0
1623	229.69 90 0
1624	225.23 90 0
1625	220.64 90 0
1626	216 90 0
1627	211.36 90 0
1628	206.77 90 0
1629	202.3 90 0
1630	232.07 86.168 0
1631	227.63 86.103 0
1632	223.04 86.028 0
1633	218.36 86.016 0
1634	213.64 85.995 0
1635	208.96 86.035 0
1636	204.37 86.08 0
1637	199.93 86.166 0
1638	234.46 82.343 0
1639	230.05 82.175 0
1640	225.47 82.046 0
1641	220.77 81.966 0
1642	216 81.937 0
1643	211.23 81.965 0
1644	206.53 82.04 0
1645	201.95 82.168 0
1646	197.55 82.353 0
1647	236.84 78.598 0
1648	232.49 78.314 0
1649	227.94 78.087 0
1650	223.23 77.917 0
1651	218.42 77.839 0
1652	213.58 77.845 0
1653	208.77 77.913 0
1654	204.06 78.078 0
1655	199.51 78.315 0
1656	195.16 78.601 0
1657	239.21 74.993 0
1658	234.93 74.572 0
1659	230.43 74.224 0
1660	225.73 73.965 0
1661	220.9 73.795 0
1662	216 73.741 0
1663	211.1 73.791 0
1664	206.27 73.964 0
1665	201.57 74.221 0
1666	197.07 74.571 0
1667	192.79 74.992 0
1668	241.56 71.547 0
1669	237.37 70.998 0
1670	232.93 70.517 0
1671	228.27 70.134 0
1672	223.43 69.858 0
1673	218.49 69.725 0
1674	213.51 69.722 0
1675	208.57 69.861 0
1676	203.73 70.13 0
1677	199.07 70.518 0
1678	194.63 71 0
1679	190.44 71.552 0
1680	243.89 68.306 0
1681	239.8 67.612 0
1682	235.44 66.995 0
1683	230.82 66.479 0
1684	226 66.092 0
1685	221.04 65.847 0
1686	216 65.761 0
1687	210.96 65.844 0
1688	205.99 66.09 0
1689	201.18 66.48 0
1690	196.56 66.998 0
1691	192.2 67.613 0
1692	188.11 68.305 0
1693	246.19 65.269 0
1694	242.21 64.45 0
1695	237.94 63.7 0
1696	233.39 63.047 0
1697	228.61 62.524 0
1698	223.65 62.16 0
1699	218.56 61.975 0
1700	213.44 61.974 0
1701	208.35 62.159 0
1702	203.39 62.524 0
1703	198.61 63.045 0
1704	194.06 63.697 0
1705	189.79 64.452 0
1706	185.81 65.269 0
1707	248.44 62.457 0
1708	244.59 61.517 0
1709	240.42 60.637 0
1710	235.96 59.85 0
1711	231.24 59.192 0
1712	226.29 58.7 0
1713	221.19 58.389 0
1714	216 58.287 0
1715	210.81 58.39 0
1716	205.71 58.699 0
1717	200.76 59.194 0
1718	196.04 59.848 0
1719	191.58 60.633 0
1720	187.41 61.512 0
1721	183.55 62.455 0
1722	288 68.991 0
1723	290.18 72.062 0
1724	285.82 72.06 0
1725	292.41 75.341 0
1726	288 75.299 0
1727	283.59 75.331 0
1728	294.69 78.811 0
1729	290.24 78.742 0
1730	285.76 78.734 0
1731	281.32 78.801 0
1732	296.99 82.435 0
1733	292.52 82.353 0
1734	288 82.347 0
1735	283.47 82.367 0
1736	279.01 82.432 0
1737	299.33 86.21 0
1738	294.86 86.145 0
1739	290.3 86.119 0
1740	285.7 86.104 0
1741	281.14 86.141 0
1742	276.67 86.195 0
1743	301.7 90 0
1744	297.23 90 0
1745	292.64 90 0
1746	288 90 0
1747	283.36 90 0
1748	278.77 90 0
1749	274.31 90 0
1750	304.07 86.159 0
1751	299.63 86.102 0
1752	295.04 86.034 0
1753	290.36 86.021 0
1754	285.64 86.02 0
1755	280.96 86.034 0
1756	276.37 86.108 0
1757	271.93 86.177 0
1758	306.45 82.352 0
1759	302.05 82.164 0
1760	297.47 82.047 0
1761	292.77 81.959 0
1762	288 81.926 0
1763	283.23 81.947 0
1764	278.53 82.036 0
1765	273.95 82.162 0
1766	269.54 82.342 0
1767	308.84 78.605 0
1768	304.49 78.315 0
1769	299.94 78.086 0
1770	295.23 77.917 0
1771	290.42 77.839 0
1772	285.58 77.835 0
1773	280.77 77.921 0
1774	276.06 78.077 0
1775	271.51 78.311 0
1776	267.16 78.599 0
1777	311.21 74.998 0
1778	306.93 74.577 0
1779	302.43 74.226 0
1780	297.73 73.963 0
1781	292.9 73.793 0
1782	288 73.737 0
1783	283.1 73.793 0
1784	278.27 73.956 0
1785	273.57 74.22 0
1786	269.07 74.577 0
1787	264.79 74.989 0
1788	313.56 71.547 0
1789	309.37 70.996 0
1790	304.93 70.517 0
1791	300.27 70.133 0
1792	295.43 69.864 0
1793	290.49 69.722 0
1794	285.51 69.722 0
1795	280.57 69.864 0
1796	275.74 70.13 0
1797	271.07 70.52 0
1798	266.63 70.993 0
1799	262.44 71.547 0
1800	315.89 68.301 0
1801	311.8 67.616 0
1802	307.44 66.999 0
1803	302.82 66.485 0
1804	298.01 66.091 0
1805	293.04 65.848 0
1806	288 65.765 0
1807	282.96 65.848 0
1808	277.99 66.09 0
1809	273.18 66.478 0
1810	268.57 67 0
1811	264.2 67.617 0
1812	260.11 68.305 0
1813	318.19 65.269 0
1814	314.21 64.449 0
1815	309.94 63.696 0
1816	305.39 63.051 0
1817	300.61 62.528 0
1818	295.64 62.162 0
1819	290.56 61.972 0
1820	285.44 61.972 0
1821	280.35 62.163 0
1822	275.39 62.527 0
1823	270.61 63.049 0
1824	266.06 63.7 0
1825	261.79 64.452 0
1826	257.81 65.272 0
1827	320.45 62.46 0
1828	316.59 61.514 0
1829	312.42 60.632 0
1830	307.96 59.848 0
1831	303.24 59.197 0
1832	298.3 58.701 0
1833	293.19 58.39 0
1834	288 58.287 0
1835	282.81 58.388 0
1836	277.71 58.699 0
1837	272.76 59.193 0
1838	268.04 59.85 0
1839	263.58 60.634 0
1840	259.41 61.513 0
1841	255.56 62.455 0
1842	360 68.987 0
1843	2.1828 72.058 0
1844	357.82 72.058 0
1845	4.4131 75.342 0
1846	360 75.291 0
1847	355.59 75.342 0
1848	6.6847 78.805 0
1849	2.2384 78.734 0
1850	357.76 78.734 0
1851	353.32 78.805 0
1852	8.9954 82.44 0
1853	4.525 82.374 0
1854	360 82.349 0
1855	355.47 82.374 0
1856	351 82.44 0
1857	11.334 86.202 0
1858	6.8583 86.16 0
1859	2.2943 86.13 0
1860	357.71 86.13 0
1861	353.14 86.16 0
1862	348.67 86.202 0
1863	13.695 90 0
1864	9.2262 90 0
1865	4.6453 90 0
1866	360 90 0
1867	355.35 90 0
1868	350.77 90 0
1869	346.31 90 0
1870	16.071 86.16 0
1871	11.629 86.087 0
1872	7.0403 86.037 0
1873	2.3582 86.007 0
1874	357.64 86.007 0
1875	352.96 86.037 0
1876	348.37 86.087 0
1877	343.93 86.16 0
1878	18.456 82.334 0
1879	14.053 82.168 0
1880	9.4724 82.037 0
1881	4.7699 81.951 0
1882	360 81.926 0
1883	355.23 81.951 0
1884	350.53 82.037 0
1885	345.95 82.168 0
1886	341.54 82.334 0
1887	20.836 78.603 0
1888	16.489 78.309 0
1889	11.938 78.078 0
1890	7.2317 77.918 0
1891	2.4207 77.832 0
1892	357.58 77.832 0
1893	352.77 77.918 0
1894	348.06 78.078 0
1895	343.51 78.309 0
1896	339.16 78.603 0
1897	23.208 74.993 0
1898	18.933 74.579 0
1899	14.428 74.229 0
1900	9.7316 73.964 0
1901	4.9015 73.791 0
1902	360 73.742 0
1903	355.1 73.791 0
1904	350.27 73.964 0
1905	345.57 74.229 0
1906	341.07 74.579 0
1907	336.79 74.993 0
1908	25.563 71.548 0
1909	21.374 70.997 0
1910	16.93 70.517 0
1911	12.266 70.132 0
1912	7.4328 69.865 0
1913	2.4903 69.725 0
1914	357.51 69.725 0
1915	352.57 69.865 0
1916	347.73 70.132 0
1917	343.07 70.517 0
1918	338.63 70.997 0
1919	334.44 71.548 0
1920	27.892 68.306 0
1921	23.8 67.614 0
1922	19.435 67 0
1923	14.823 66.484 0
1924	10.006 66.092 0
1925	5.0407 65.844 0
1926	360 65.761 0
1927	354.96 65.844 0
1928	349.99 66.092 0
1929	345.18 66.484 0
1930	340.56 67 0
1931	336.2 67.614 0
1932	332.11 68.306 0
1933	30.188 65.268 0
1934	26.208 64.448 0
1935	21.937 63.7 0
1936	17.392 63.048 0
1937	12.613 62.524 0
1938	7.6464 62.158 0
1939	2.5621 61.969 0
1940	357.44 61.969 0
1941	352.35 62.158 0
1942	347.39 62.524 0
1943	342.61 63.048 0
1944	338.06 63.7 0
1945	333.79 64.448 0
1946	329.81 65.268 0
1947	32.444 62.458 0
1948	28.587 61.518 0
1949	24.422 60.633 0
1950	19.966 59.852 0
1951	15.241 59.193 0
1952	10.294 58.696 0
1953	5.1903 58.389 0
1954	360 58.286 0
1955	354.81 58.389 0
1956	349.71 58.696 0
1957	344.76 59.193 0
1958	340.03 59.852 0
1959	335.58 60.633 0
1960	331.41 61.518 0
1961	327.56 62.458 0
1962	180 0 0
1963	35.992 3.3141 0
1964	108 3.3125 0
1965	36.005 6.8498 0
1966	71.998 5.5487 0
1967	108 6.8494 0
1968	35.994 10.597 0
1969	58.388 8.8509 0
1970	85.607 8.8535 0
1971	108 10.598 0
1972	36.005 14.545 0
1973	52.04 12.589 0
1974	72.002 11.854 0
1975	91.961 12.59 0
1976	108 14.547 0
1977	35.998 18.67 0
1978	48.447 16.604 0
1979	63.731 15.443 0
1980	80.27 15.44 0
1981	95.556 16.606 0
1982	108 18.671 0
1983	36.002 22.934 0
1984	46.152 20.825 0
1985	58.384 19.403 0
1986	71.999 18.898 0
1987	85.613 19.402 0
1988	97.842 20.825 0
1989	108 22.935 0
1990	35.998 27.3 0
1991	44.574 25.196 0
1992	54.705 23.621 0
1993	66.077 22.773 0
1994	77.923 22.773 0
1995	89.298 23.621 0
1996	99.427 25.195 0
1997	108 27.301 0
1998	36 31.719 0
1999	43.412 29.659 0
2000	52.037 28.013 0
2001	61.704 26.94 0
2002	72 26.566 0
2003	82.297 26.94 0
2004	91.967 28.011 0
2005	100.59 29.658 0
2006	108 31.719 0
2007	36 36.135 0
2008	42.53 34.156 0
2009	50.018 32.498 0
2010	58.386 31.292 0
2011	67.385 30.652 0
2012	76.613 30.653 0
2013	85.616 31.292 0
2014	93.98 32.498 0
2015	101.47 34.158 0
2016	108 36.137 0
2017	36 40.501 0
2018	41.832 38.632 0
2019	48.445 37.011 0
2020	55.795 35.737 0
2021	63.734 34.926 0
2022	71.999 34.647 0
2023	80.268 34.925 0
2024	88.206 35.739 0
2025	95.556 37.008 0
2026	102.16 38.633 0
2027	108 40.502 0
2028	35.999 44.768 0
2029	41.272 43.03 0
2030	47.188 41.478 0
2031	53.726 40.201 0
2032	60.791 39.285 0
2033	68.221 38.807 0
2034	75.78 38.806 0
2035	83.209 39.286 0
2036	90.278 40.2 0
2037	96.814 41.479 0
2038	102.73 43.03 0
2039	108 44.766 0
2040	36 48.889 0
2041	40.808 47.302 0
2042	46.155 45.851 0
2043	52.036 44.605 0
2044	58.385 43.648 0
2045	65.095 43.043 0
2046	72 42.834 0
2047	78.902 43.04 0
2048	85.614 43.65 0
2049	91.963 44.608 0
2050	97.844 45.849 0
2051	103.19 47.304 0
2052	108 48.889 0
2053	36.002 52.839 0
2054	40.418 51.408 0
2055	45.297 50.073 0
2056	50.634 48.896 0
2057	56.387 47.94 0
2058	62.481 47.262 0
2059	68.8 46.91 0
2060	75.199 46.912 0
2061	81.519 47.262 0
2062	87.611 47.939 0
2063	93.365 48.897 0
2064	98.702 50.07 0
2065	103.58 51.406 0
2066	108 52.841 0
2067	35.999 56.589 0
2068	40.086 55.31 0
2069	44.574 54.105 0
2070	49.454 53.016 0
2071	54.705 52.096 0
2072	60.273 51.398 0
2073	66.073 50.957 0
2074	71.999 50.805 0
2075	77.926 50.957 0
2076	83.729 51.397 0
2077	89.294 52.097 0
2078	94.547 53.017 0
2079	99.426 54.104 0
2080	103.91 55.311 0
2081	108 56.589 0
2082	35.999 60.123 0
2083	39.803 59.002 0
2084	43.951 57.923 0
2085	48.447 56.936 0
2086	53.27 56.081 0
2087	58.387 55.387 0
2088	63.732 54.904 0
2089	69.226 54.652 0
2090	74.772 54.652 0
2091	80.268 54.903 0
2092	85.614 55.388 0
2093	90.731 56.08 0
2094	95.552 56.936 0
2095	100.05 57.926 0
2096	104.2 58.996 0
2097	108 60.122 0
2098	180 3.3132 0
2099	144.01 5.5495 0
2100	180 6.8485 0
2101	130.38 8.8525 0
2102	157.61 8.8525 0
2103	180 10.598 0
2104	124.03 12.59 0
2105	144.01 11.855 0
2106	163.97 12.589 0
2107	180 14.545 0
2108	120.44 16.605 0
2109	135.73 15.441 0
2110	152.26 15.441 0
2111	167.55 16.605 0
2112	180 18.669 0
2113	118.15 20.825 0
2114	130.38 19.404 0
2115	144 18.897 0
2116	157.61 19.402 0
2117	169.84 20.825 0
2118	180 22.935 0
2119	116.57 25.195 0
2120	126.7 23.622 0
2121	138.07 22.774 0
2122	149.93 22.773 0
2123	161.3 23.621 0
2124	171.43 25.196 0
2125	180 27.299 0
2126	115.41 29.659 0
2127	124.04 28.013 0
2128	133.7 26.939 0
2129	144 26.567 0
2130	154.29 26.94 0
2131	163.96 28.011 0
2132	172.59 29.658 0
2133	180 31.717 0
2134	114.53 34.158 0
2135	122.02 32.5 0
2136	130.39 31.29 0
2137	139.39 30.654 0
2138	148.61 30.654 0
2139	157.61 31.292 0
2140	165.98 32.5 0
2141	173.47 34.157 0
2142	180 36.137 0
2143	113.83 38.634 0
2144	120.45 37.01 0
2145	127.8 35.738 0
2146	135.73 34.923 0
2147	144 34.644 0
2148	152.27 34.926 0
2149	160.2 35.74 0
2150	167.55 37.009 0
2151	174.17 38.633 0
2152	180 40.503 0
2153	113.27 43.031 0
2154	119.19 41.48 0
2155	125.72 40.202 0
2156	132.79 39.286 0
2157	140.22 38.808 0
2158	147.78 38.808 0
2159	155.21 39.288 0
2160	162.27 40.202 0
2161	168.81 41.48 0
2162	174.73 43.032 0
2163	180 44.769 0
2164	112.81 47.303 0
2165	118.16 45.849 0
2166	124.04 44.606 0
2167	130.39 43.647 0
2168	137.09 43.041 0
2169	144 42.832 0
2170	150.9 43.042 0
2171	157.61 43.65 0
2172	163.96 44.605 0
2173	169.84 45.849 0
2174	175.19 47.302 0
2175	180 48.892 0
2176	112.42 51.407 0
2177	117.3 50.07 0
2178	122.63 48.896 0
2179	128.39 47.939 0
2180	134.48 47.264 0
2181	140.8 46.91 0
2182	147.2 46.909 0
2183	153.52 47.26 0
2184	159.61 47.939 0
2185	165.37 48.896 0
2186	170.7 50.07 0
2187	175.58 51.407 0
2188	180 52.838 0
2189	112.09 55.31 0
2190	116.57 54.105 0
2191	121.45 53.017 0
2192	126.71 52.098 0
2193	132.27 51.397 0
2194	138.07 50.955 0
2195	144 50.808 0
2196	149.93 50.956 0
2197	155.73 51.395 0
2198	161.29 52.097 0
2199	166.55 53.019 0
2200	171.43 54.103 0
2201	175.91 55.312 0
2202	180 56.59 0
2203	111.8 58.997 0
2204	115.95 57.924 0
2205	120.44 56.939 0
2206	125.27 56.079 0
2207	130.39 55.388 0
2208	135.73 54.902 0
2209	141.23 54.653 0
2210	146.77 54.653 0
2211	152.27 54.905 0
2212	157.61 55.388 0
2213	162.73 56.081 0
2214	167.55 56.939 0
2215	172.05 57.922 0
2216	176.2 58.997 0
2217	180 60.122 0
2218	252 3.3125 0
2219	215.99 5.5495 0
2220	252 6.8494 0
2221	202.39 8.8525 0
2222	229.62 8.8525 0
2223	252 10.598 0
2224	196.03 12.589 0
2225	215.99 11.855 0
2226	235.97 12.59 0
2227	252 14.547 0
2228	192.45 16.605 0
2229	207.74 15.441 0
2230	224.27 15.441 0
2231	239.56 16.605 0
2232	252 18.671 0
2233	190.16 20.825 0
2234	202.39 19.402 0
2235	216 18.897 0
2236	229.62 19.404 0
2237	241.85 20.825 0
2238	252 22.935 0
2239	188.57 25.196 0
2240	198.7 23.621 0
2241	210.07 22.773 0
2242	221.93 22.774 0
2243	233.3 23.622 0
2244	243.43 25.195 0
2245	252 27.301 0
2246	187.41 29.658 0
2247	196.04 28.011 0
2248	205.71 26.94 0
2249	216 26.567 0
2250	226.3 26.939 0
2251	235.96 28.013 0
2252	244.59 29.659 0
2253	252 31.719 0
2254	186.53 34.157 0
2255	194.02 32.5 0
2256	202.39 31.292 0
2257	211.39 30.654 0
2258	220.61 30.654 0
2259	229.61 31.29 0
2260	237.98 32.5 0
2261	245.47 34.158 0
2262	252 36.137 0
2263	185.83 38.633 0
2264	192.45 37.009 0
2265	199.8 35.74 0
2266	207.73 34.926 0
2267	216 34.644 0
2268	224.27 34.923 0
2269	232.2 35.738 0
2270	239.55 37.01 0
2271	246.17 38.634 0
2272	252 40.502 0
2273	185.27 43.032 0
2274	191.19 41.48 0
2275	197.73 40.202 0
2276	204.79 39.288 0
2277	212.22 38.808 0
2278	219.78 38.808 0
2279	227.21 39.286 0
2280	234.28 40.202 0
2281	240.81 41.48 0
2282	246.73 43.031 0
2283	252 44.766 0
2284	184.81 47.302 0
2285	190.16 45.849 0
2286	196.04 44.605 0
2287	202.39 43.65 0
2288	209.1 43.042 0
2289	216 42.832 0
2290	222.91 43.041 0
2291	229.61 43.647 0
2292	235.96 44.606 0
2293	241.84 45.849 0
2294	247.19 47.303 0
2295	252 48.889 0
2296	184.42 51.407 0
2297	189.3 50.07 0
2298	194.63 48.896 0
2299	200.39 47.939 0
2300	206.48 47.26 0
2301	212.8 46.909 0
2302	219.2 46.91 0
2303	225.52 47.264 0
2304	231.61 47.939 0
2305	237.37 48.896 0
2306	242.7 50.07 0
2307	247.58 51.407 0
2308	252 52.841 0
2309	184.09 55.312 0
2310	188.57 54.103 0
2311	193.45 53.019 0
2312	198.71 52.097 0
2313	204.27 51.395 0
2314	210.07 50.956 0
2315	216 50.808 0
2316	221.93 50.955 0
2317	227.73 51.397 0
2318	233.29 52.098 0
2319	238.55 53.017 0
2320	243.43 54.105 0
2321	247.91 55.31 0
2322	252 56.589 0
2323	183.8 58.997 0
2324	187.95 57.922 0
2325	192.45 56.939 0
2326	197.27 56.081 0
2327	202.39 55.388 0
2328	207.73 54.905 0
2329	213.23 54.653 0
2330	218.77 54.653 0
2331	224.27 54.902 0
2332	229.61 55.388 0
2333	234.73 56.079 0
2334	239.56 56.939 0
2335	244.05 57.924 0
2336	248.2 58.997 0
2337	252 60.122 0
2338	324.01 3.3141 0
2339	288 5.5487 0
2340	323.99 6.8498 0
2341	274.39 8.8535 0
2342	301.61 8.8509 0
2343	324.01 10.597 0
2344	268.04 12.59 0
2345	288 11.854 0
2346	307.96 12.589 0
2347	324 14.545 0
2348	264.44 16.606 0
2349	279.73 15.44 0
2350	296.27 15.443 0
2351	311.55 16.604 0
2352	324 18.67 0
2353	262.16 20.825 0
2354	274.39 19.402 0
2355	288 18.898 0
2356	301.62 19.403 0
2357	313.85 20.825 0
2358	324 22.934 0
2359	260.57 25.195 0
2360	270.7 23.621 0
2361	282.08 22.773 0
2362	293.92 22.773 0
2363	305.3 23.621 0
2364	315.43 25.196 0
2365	324 27.3 0
2366	259.41 29.658 0
2367	268.03 28.011 0
2368	277.7 26.94 0
2369	288 26.566 0
2370	298.3 26.94 0
2371	307.96 28.013 0
2372	316.59 29.659 0
2373	324 31.719 0
2374	258.53 34.158 0
2375	266.02 32.498 0
2376	274.38 31.292 0
2377	283.39 30.653 0
2378	292.61 30.652 0
2379	301.61 31.292 0
2380	309.98 32.498 0
2381	317.47 34.156 0
2382	324 36.135 0
2383	257.84 38.633 0
2384	264.44 37.008 0
2385	271.79 35.739 0
2386	279.73 34.925 0
2387	288 34.647 0
2388	296.27 34.926 0
2389	304.2 35.737 0
2390	311.56 37.011 0
2391	318.17 38.632 0
2392	324 40.501 0
2393	257.27 43.03 0
2394	263.19 41.479 0
2395	269.72 40.2 0
2396	276.79 39.286 0
2397	284.22 38.806 0
2398	291.78 38.807 0
2399	299.21 39.285 0
2400	306.27 40.201 0
2401	312.81 41.478 0
2402	318.73 43.03 0
2403	324 44.768 0
2404	256.81 47.304 0
2405	262.16 45.849 0
2406	268.04 44.608 0
2407	274.39 43.65 0
2408	281.1 43.04 0
2409	288 42.834 0
2410	294.9 43.043 0
2411	301.61 43.648 0
2412	307.96 44.605 0
2413	313.85 45.851 0
2414	319.19 47.302 0
2415	324 48.889 0
2416	256.42 51.406 0
2417	261.3 50.07 0
2418	266.64 48.897 0
2419	272.39 47.939 0
2420	278.48 47.262 0
2421	284.8 46.912 0
2422	291.2 46.91 0
2423	297.52 47.262 0
2424	303.61 47.94 0
2425	309.37 48.896 0
2426	314.7 50.073 0
2427	319.58 51.408 0
2428	324 52.839 0
2429	256.09 55.311 0
2430	260.57 54.104 0
2431	265.45 53.017 0
2432	270.71 52.097 0
2433	276.27 51.397 0
2434	282.07 50.957 0
2435	288 50.805 0
2436	293.93 50.957 0
2437	299.73 51.398 0
2438	305.3 52.096 0
2439	310.55 53.016 0
2440	315.43 54.105 0
2441	319.91 55.31 0
2442	324 56.589 0
2443	255.8 58.996 0
2444	259.95 57.926 0
2445	264.45 56.936 0
2446	269.27 56.08 0
2447	274.39 55.388 0
2448	279.73 54.903 0
2449	285.23 54.652 0
2450	290.77 54.652 0
2451	296.27 54.904 0
2452	301.61 55.387 0
2453	306.73 56.081 0
2454	311.55 56.936 0
2455	316.05 57.923 0
2456	320.2 59.002 0
2457	324 60.123 0
2458	360 5.5505 0
2459	346.38 8.8522 0
2460	13.619 8.8522 0
2461	340.03 12.589 0
2462	360 11.855 0
2463	19.971 12.589 0
2464	336.45 16.605 0
2465	351.73 15.443 0
2466	8.2707 15.443 0
2467	23.552 16.605 0
2468	334.15 20.825 0
2469	346.39 19.404 0
2470	360 18.896 0
2471	13.614 19.404 0
2472	25.847 20.825 0
2473	332.57 25.195 0
2474	342.7 23.621 0
2475	354.08 22.773 0
2476	5.9225 22.773 0
2477	17.299 23.621 0
2478	27.428 25.195 0
2479	331.42 29.659 0
2480	340.04 28.01 0
2481	349.7 26.939 0
2482	360 26.566 0
2483	10.298 26.939 0
2484	19.963 28.01 0
2485	28.584 29.659 0
2486	330.53 34.156 0
2487	338.02 32.5 0
2488	346.38 31.291 0
2489	355.38 30.655 0
2490	4.6177 30.655 0
2491	13.617 31.291 0
2492	21.98 32.5 0
2493	29.47 34.156 0
2494	329.83 38.633 0
2495	336.45 37.01 0
2496	343.8 35.739 0
2497	351.73 34.927 0
2498	360 34.646 0
2499	8.2684 34.927 0
2500	16.203 35.739 0
2501	23.555 37.01 0
2502	30.168 38.633 0
2503	329.27 43.032 0
2504	335.19 41.48 0
2505	341.73 40.201 0
2506	348.79 39.285 0
2507	356.22 38.807 0
2508	3.7775 38.807 0
2509	11.21 39.285 0
2510	18.274 40.201 0
2511	24.811 41.48 0
2512	30.728 43.032 0
2513	328.81 47.303 0
2514	334.16 45.852 0
2515	340.03 44.606 0
2516	346.39 43.649 0
2517	353.1 43.042 0
2518	360 42.832 0
2519	6.9041 43.042 0
2520	13.613 43.649 0
2521	19.966 44.606 0
2522	25.843 45.852 0
2523	31.192 47.303 0
2524	328.42 51.403 0
2525	333.3 50.071 0
2526	338.63 48.894 0
2527	344.39 47.938 0
2528	350.48 47.263 0
2529	356.8 46.909 0
2530	3.1995 46.909 0
2531	9.5185 47.263 0
2532	15.612 47.938 0
2533	21.367 48.894 0
2534	26.703 50.071 0
2535	31.582 51.403 0
2536	328.09 55.313 0
2537	332.57 54.103 0
2538	337.45 53.015 0
2539	342.7 52.098 0
2540	348.27 51.397 0
2541	354.08 50.958 0
2542	360 50.804 0
2543	5.9246 50.958 0
2544	11.728 51.397 0
2545	17.296 52.098 0
2546	22.547 53.015 0
2547	27.427 54.103 0
2548	31.913 55.313 0
2549	327.8 58.997 0
2550	331.95 57.926 0
2551	336.45 56.938 0
2552	341.27 56.078 0
2553	346.39 55.39 0
2554	351.73 54.904 0
2555	357.23 54.651 0
2556	2.7729 54.651 0
2557	8.2679 54.904 0
2558	13.615 55.39 0
2559	18.729 56.078 0
2560	23.555 56.938 0
2561	28.048 57.926 0
2562	32.197 58.997 0
